RuficapillaSp

psy=0.085088978
p=0.250930428
q=0.002725318

Ruficapilla

psy=0.0754081
p=0.2697834
q=0.0018690

Celata

psy=0.125430466
p=0.171403493
q=0.003263457
